Images/10041.jpg 1,60,114,98,0 110,85,226,124,0 161,15,224,59,0
Images/10039.jpg 2,73,88,121,0 3,116,91,150,0 84,115,223,152,0
Images/10038.jpg 4,82,227,190,0
Images/10042.jpg 176,1,208,82,0 1,126,227,164,0 57,173,227,211,0
Images/10040.jpg 7,130,58,168,0 56,119,225,156,0
Images/10045.jpg 3,125,140,150,0 1,146,143,186,0 136,136,227,174,0
Images/10043.jpg 3,68,40,114,0 40,106,121,151,0 115,146,226,212,0
Images/10046.jpg 4,100,131,147,0 138,69,227,131,0
Images/10037.jpg 67,116,223,200,0 1,166,83,220,0
Images/10036.jpg 3,124,188,158,0 190,100,226,148,0 3,150,208,199,0 16,206,97,227,0
Images/10028.jpg 110,82,225,148,0 22,142,121,227,0
Images/10027.jpg 172,34,225,119,0 88,92,183,175,0 30,173,99,227,0
Images/10033.jpg 87,95,227,148,0 1,146,105,200,0
Images/10029.jpg 145,45,226,128,0 1,114,143,200,0
Images/10030.jpg 115,97,226,154,0 1,135,122,225,0
Images/10031.jpg 1,55,226,98,0 2,110,39,132,0 61,107,227,124,0 55,139,219,173,0
Images/10034.jpg 162,19,226,95,0 104,94,166,167,0 1,158,107,205,0
Images/10032.jpg 138,73,227,124,0 1,121,150,185,0
Images/10035.jpg 193,27,226,97,0 106,82,196,160,0 38,149,109,227,0
Images/10026.jpg 1,121,104,171,0 9,163,78,227,0 94,1,224,142,0
Images/10025.jpg 3,25,174,75,0 154,1,226,87,0 74,73,165,151,0 1,144,83,202,0
Images/10018.jpg 2,78,226,158,0 90,155,227,226,0
Images/10022.jpg 75,23,227,61,0 1,16,83,76,0 60,58,129,175,0 122,160,223,199,0
Images/10019.jpg 1,18,50,84,0 44,73,120,142,0 105,136,202,227,0
Images/10016.jpg 1,29,86,73,0 2,87,157,155,0 140,145,223,227,0
Images/10021.jpg 2,71,41,113,0 33,104,152,178,0 141,131,227,162,0 134,158,196,227,0
Images/10020.jpg 1,9,38,77,0 33,68,102,145,0 99,127,223,224,0
Images/10015.jpg 3,74,167,143,0 2,146,220,227,0
Images/10024.jpg 2,131,226,172,0
Images/10017.jpg 3,44,78,105,0 56,101,143,163,0 132,160,220,227,0
Images/10023.jpg 1,105,227,152,0 2,166,32,227,0
Images/10014.jpg 4,91,220,190,0 4,201,191,227,0
Images/10013.jpg 25,1,226,80,0 19,83,226,157,0
Images/10010.jpg 2,25,68,104,0 49,102,223,201,0
Images/10008.jpg 2,27,180,226,0
Images/10005.jpg 4,3,225,77,0 1,93,224,151,0
Images/10004.jpg 2,97,146,156,0 3,150,174,226,0
Images/10003.jpg 166,2,226,55,0 70,109,227,162,0 2,174,171,227,0
Images/10007.jpg 6,6,79,110,0 65,96,204,225,0 1,184,100,222,0
Images/10006.jpg 1,1,83,52,0 1,164,159,212,0 1,53,181,223,0
Images/10012.jpg 5,63,223,176,0 1,192,102,226,0
Images/10009.jpg 3,7,71,107,0 74,100,154,190,0 139,182,218,227,0
Images/10011.jpg 94,2,227,56,0 60,91,226,172,0
Images/10002.jpg 2,114,223,159,0
Images/10001.jpg 1,33,225,210,0
Images/10069.jpg 173,6,225,85,0 131,72,227,123,0 20,126,148,227,0
Images/10066.jpg 3,138,130,169,0 119,78,227,145,0
Images/10064.jpg 104,124,227,186,0 1,130,107,209,0 1,206,164,226,0
Images/10062.jpg 2,83,71,123,0 76,19,227,123,0
Images/10065.jpg 2,121,227,156,0 7,149,112,175,0 80,172,173,197,0
Images/10060.jpg 1,85,119,132,0 118,130,227,170,0
Images/10067.jpg 1,151,98,191,0 79,111,227,154,0
Images/10061.jpg 83,1,227,37,0 5,122,225,179,0
Images/10063.jpg 1,26,66,47,0 132,61,225,116,0 124,137,227,158,0 68,112,143,163,0 1,157,83,205,0
Images/10068.jpg 4,134,136,176,0 129,33,224,134,0
Images/10059.jpg 3,142,85,176,0 82,81,227,161,0
Images/10058.jpg 1,97,84,130,0 82,124,227,175,0 91,1,195,92,0
Images/10055.jpg 2,137,98,171,0 100,128,227,163,0
Images/10049.jpg 1,61,126,132,0 1,110,143,171,0 140,159,225,212,0
Images/10052.jpg 1,112,220,165,0 2,156,227,209,0
Images/10050.jpg 1,94,122,156,0 122,131,225,191,0 173,184,226,223,0
Images/10054.jpg 1,75,52,112,0 49,108,139,148,0 139,144,221,182,0
Images/10051.jpg 1,85,58,143,0 57,121,225,165,0 55,150,227,223,0
Images/10053.jpg 2,60,161,101,0 3,89,227,132,0
Images/10056.jpg 1,86,92,133,0 92,117,227,161,0
Images/10057.jpg 125,103,227,138,0 67,130,133,173,0 1,167,67,211,0
Images/10048.jpg 62,121,227,186,0 4,179,94,225,0 90,171,227,222,0
Images/10047.jpg 1,150,102,192,0 97,108,227,163,0 199,79,227,121,0
Images/10044.jpg 1,70,115,130,0 110,125,225,171,0
Images/10115.jpg 2,109,226,178,0
Images/10114.jpg 2,128,225,205,0
Images/10107.jpg 4,84,178,192,0 124,190,225,227,0
Images/10106.jpg 1,85,226,150,0 176,1,225,59,0
Images/10110.jpg 3,93,117,149,0 113,147,226,214,0
Images/10112.jpg 3,121,225,217,0
Images/10113.jpg 2,53,224,136,0
Images/10109.jpg 4,3,156,60,0 7,61,225,164,0
Images/10111.jpg 3,92,225,194,0
Images/10108.jpg 1,79,55,136,0 4,127,127,227,0 113,119,220,171,0
Images/10105.jpg 2,127,227,179,0
Images/10104.jpg 1,39,227,92,0 11,88,115,186,0 110,178,169,227,0 169,207,226,227,0
Images/10100.jpg 3,69,225,129,0 83,1,227,24,0
Images/10094.jpg 6,100,132,146,0 3,53,138,94,0 126,34,227,102,0 112,1,226,81,0
Images/10093.jpg 3,116,227,148,0 46,144,224,190,0
Images/10097.jpg 3,119,225,177,0
Images/10098.jpg 2,87,223,126,0 159,1,227,28,0
Images/10096.jpg 105,97,227,152,0 1,141,118,221,0
Images/10099.jpg 1,83,61,102,0 64,102,159,145,0 156,141,227,170,0
Images/10101.jpg 1,105,90,139,0 91,121,183,227,0
Images/10103.jpg 1,103,133,151,0 1,1,145,59,0 148,53,227,101,0
Images/10095.jpg 123,59,227,141,0 56,137,132,194,0 1,179,60,213,0 71,159,149,214,0 36,202,87,227,0
Images/10102.jpg 1,54,33,72,0 3,120,132,169,0 132,71,226,138,0
Images/10092.jpg 1,118,227,184,0
Images/10088.jpg 2,90,227,190,0
Images/10083.jpg 1,57,180,102,0 174,29,227,89,0
Images/10086.jpg 1,22,21,61,0 19,70,147,154,0 140,133,227,198,0
Images/10087.jpg 43,16,59,126,0 3,129,227,191,0
Images/10084.jpg 1,151,100,192,0 92,68,227,164,0
Images/10089.jpg 2,102,227,178,0
Images/10085.jpg 171,1,187,77,0 133,75,227,134,0 2,126,141,226,0
Images/10090.jpg 2,72,223,164,0
Images/10091.jpg 3,118,221,187,0
Images/10082.jpg 2,110,227,157,0
Images/10081.jpg 1,86,91,118,0 90,116,227,180,0
Images/10072.jpg 3,99,104,149,0 99,116,223,226,0
Images/10077.jpg 3,143,110,209,0 107,76,227,137,0
Images/10074.jpg 179,34,226,101,0 118,90,196,145,0 1,134,125,201,0 137,173,166,208,0
Images/10071.jpg 1,110,227,160,0
Images/10078.jpg 7,1,105,140,0 98,147,225,226,0
Images/10073.jpg 1,37,92,119,0 94,106,227,209,0
Images/10075.jpg 113,94,227,144,0 29,143,121,227,0
Images/10076.jpg 116,110,227,167,0 1,137,121,194,0
Images/10080.jpg 1,98,119,147,0 116,146,227,198,0
Images/10070.jpg 66,44,164,84,0 32,85,61,145,0 51,127,227,178,0 1,154,51,191,0
Images/10079.jpg 83,128,227,177,0 1,154,88,204,0
Images/10168.jpg 1,101,227,222,0
Images/10164.jpg 1,88,219,223,0
Images/10167.jpg 1,83,225,216,0
Images/10162.jpg 1,138,152,211,0 144,79,224,127,0 151,128,227,166,0 166,111,196,149,0
Images/10163.jpg 1,129,224,222,0
Images/10169.jpg 1,50,222,160,0
Images/10165.jpg 3,88,220,223,0
Images/10170.jpg 1,130,227,224,0
Images/10166.jpg 3,1,219,138,0
Images/10161.jpg 3,109,221,186,0
Images/10160.jpg 1,68,226,181,0
Images/10153.jpg 6,116,221,166,0
Images/10155.jpg 1,109,227,164,0
Images/10154.jpg 1,38,61,106,0 54,86,185,225,0
Images/10151.jpg 3,86,224,153,0
Images/10150.jpg 2,132,227,177,0
Images/10157.jpg 2,36,93,131,0 85,129,205,223,0
Images/10156.jpg 6,140,122,179,0 149,66,205,137,0
Images/10159.jpg 3,98,225,182,0
Images/10152.jpg 44,123,159,155,0 3,150,227,209,0
Images/10158.jpg 2,68,108,140,0 112,120,227,201,0
Images/10149.jpg 1,90,70,110,0 19,120,225,169,0 5,10,227,41,0
Images/10148.jpg 3,106,227,156,0 7,183,134,227,0
Images/10145.jpg 1,108,216,227,0
Images/10143.jpg 2,84,225,179,0
Images/10146.jpg 44,103,221,226,0
Images/10144.jpg 114,24,225,166,0 1,150,122,220,0
Images/10139.jpg 3,48,225,192,0
Images/10141.jpg 1,113,225,195,0
Images/10140.jpg 2,96,226,164,0
Images/10142.jpg 2,56,226,122,0
Images/10147.jpg 3,98,216,183,0 67,14,226,67,0
Images/10138.jpg 3,63,109,107,0 91,111,221,223,0
Images/10137.jpg 15,123,227,225,0
Images/10127.jpg 3,127,227,166,0 2,203,60,227,0
Images/10131.jpg 4,70,153,160,0 189,161,225,200,0
Images/10128.jpg 3,128,227,182,0
Images/10129.jpg 3,122,224,213,0
Images/10132.jpg 1,98,227,169,0
Images/10134.jpg 2,95,225,164,0 103,169,212,225,0
Images/10133.jpg 68,118,227,210,0
Images/10130.jpg 3,105,225,209,0
Images/10136.jpg 4,78,135,167,0 1,163,138,202,0 122,61,227,173,0
Images/10135.jpg 2,135,227,222,0
Images/10126.jpg 14,81,129,123,0 149,159,227,185,0 3,18,223,77,0
Images/10117.jpg 1,130,227,204,0
Images/10118.jpg 3,81,107,148,0 99,144,227,203,0
Images/10121.jpg 3,78,227,210,0
Images/10120.jpg 4,149,112,175,0 112,126,227,206,0
Images/10123.jpg 1,116,169,174,0 168,180,223,226,0
Images/10125.jpg 1,55,217,145,0 124,140,227,191,0
Images/10122.jpg 3,79,81,133,0 81,120,227,192,0
Images/10116.jpg 2,47,225,102,0
Images/10119.jpg 2,66,227,120,0
Images/10124.jpg 2,48,77,98,0 77,101,227,224,0
Images/10215.jpg 2,127,225,190,0
Images/10217.jpg 2,48,188,127,0 127,2,227,84,0 105,111,200,227,0
Images/10216.jpg 4,123,227,168,0
Images/10207.jpg 79,124,222,175,0 4,164,96,227,0
Images/10206.jpg 4,187,55,212,0 56,51,223,222,0
Images/10201.jpg 3,40,226,87,0 130,105,223,137,0 44,125,146,171,0
Images/10202.jpg 8,60,222,154,0 32,1,226,43,0 5,166,179,211,0
Images/10196.jpg 5,117,227,219,0
Images/10203.jpg 5,122,173,154,0 182,109,223,209,0 101,176,204,227,0
Images/10200.jpg 75,128,226,220,0 1,166,77,215,0
Images/10198.jpg 120,1,216,126,0 71,103,223,227,0
Images/10197.jpg 3,97,225,213,0
Images/10199.jpg 56,100,157,218,0 127,125,227,224,0 172,57,227,137,0
Images/10205.jpg 2,42,92,62,0 95,2,165,92,0 1,96,106,160,0
Images/10204.jpg 2,148,40,188,0 46,62,225,225,0
Images/10195.jpg 2,11,223,147,0
Images/10194.jpg 2,75,226,223,0
Images/10186.jpg 1,67,227,152,0 1,192,112,227,0
Images/10189.jpg 1,118,222,196,0
Images/10190.jpg 2,85,224,194,0
Images/10192.jpg 2,80,222,224,0
Images/10191.jpg 3,129,227,223,0
Images/10187.jpg 2,127,223,223,0
Images/10185.jpg 1,86,213,146,0 10,1,225,35,0
Images/10188.jpg 4,107,222,188,0
Images/10193.jpg 4,78,223,227,0
Images/10184.jpg 3,124,227,206,0
Images/10183.jpg 5,13,227,89,0 4,93,66,134,0 123,142,227,185,0 60,105,122,146,0
Images/10173.jpg 1,35,225,123,0 133,112,225,145,0 137,123,227,183,0
Images/10179.jpg 1,117,157,192,0 151,160,227,224,0
Images/10175.jpg 2,47,226,87,0 4,100,165,186,0 39,82,166,136,0 155,129,227,154,0
Images/10177.jpg 3,7,227,105,0 2,140,185,182,0 154,158,227,225,0 1,194,66,226,0
Images/10176.jpg 1,124,225,204,0
Images/10178.jpg 2,14,141,53,0 140,1,227,64,0 1,67,148,145,0
Images/10180.jpg 3,1,129,84,0 129,26,227,90,0 50,88,134,141,0 1,109,66,196,0
Images/10174.jpg 2,24,225,82,0 1,160,225,225,0
Images/10182.jpg 3,121,227,212,0 9,186,111,227,0
Images/10181.jpg 1,106,226,206,0
Images/10172.jpg 3,106,227,169,0
Images/10171.jpg 4,19,227,68,0 3,86,226,211,0
Images/10262.jpg 8,1,159,224,0
Images/10263.jpg 1,1,192,225,0
Images/10257.jpg 3,92,221,159,0 143,148,227,211,0 14,153,44,227,0
Images/10261.jpg 2,6,126,225,0
Images/10256.jpg 1,90,127,137,0
Images/10264.jpg 1,1,227,207,0
Images/10255.jpg 3,5,227,48,0 3,26,161,211,0 155,165,227,213,0
Images/10254.jpg 2,116,119,221,0 78,121,227,159,0
Images/10249.jpg 1,58,220,194,0
Images/10251.jpg 2,67,185,224,0
Images/10245.jpg 2,30,226,184,0
Images/10246.jpg 2,101,222,222,0
Images/10247.jpg 4,69,224,226,0
Images/10248.jpg 1,24,226,225,0
Images/10250.jpg 3,113,223,227,0
Images/10244.jpg 3,107,220,225,0
Images/10253.jpg 2,51,227,215,0
Images/10252.jpg 2,2,226,221,0
Images/10243.jpg 1,68,223,227,0
Images/10242.jpg 41,1,225,136,0
Images/10239.jpg 2,65,224,224,0
Images/10238.jpg 1,39,104,148,0 101,128,222,227,0
Images/10233.jpg 3,95,68,134,0 71,101,224,211,0 1,10,72,97,0 63,1,225,56,0
Images/10235.jpg 4,86,227,187,0 150,105,225,151,0 117,1,221,101,0
Images/10234.jpg 2,72,227,199,0
Images/10237.jpg 4,3,70,107,0 5,114,205,227,0
Images/10236.jpg 1,62,138,227,0
Images/10232.jpg 111,104,225,170,0 1,90,120,223,0 3,189,43,224,0
Images/10241.jpg 1,53,223,227,0
Images/10231.jpg 1,4,50,47,0 52,1,223,146,0 45,63,188,161,0 187,135,227,171,0
Images/10240.jpg 3,48,223,227,0 192,56,227,82,0
Images/10230.jpg 2,113,98,159,0 63,151,122,227,0 99,106,225,227,0
Images/10221.jpg 1,95,227,158,0
Images/10222.jpg 1,131,227,219,0
Images/10223.jpg 1,98,225,182,0
Images/10227.jpg 1,145,102,213,0 101,24,227,211,0
Images/10224.jpg 1,107,227,177,0
Images/10225.jpg 1,78,227,167,0
Images/10228.jpg 108,52,226,139,0 76,136,223,225,0
Images/10229.jpg 86,121,227,164,0 8,163,90,227,0 99,182,227,226,0
Images/10226.jpg 1,66,145,148,0 142,142,227,188,0
Images/10220.jpg 1,72,226,214,0
Images/10219.jpg 1,42,68,107,0 75,113,225,197,0
Images/10212.jpg 1,122,227,160,0
Images/10213.jpg 3,64,225,213,0
Images/10211.jpg 3,124,227,184,0
Images/10214.jpg 8,100,227,168,0
Images/10208.jpg 2,90,227,177,0
Images/10209.jpg 2,81,154,193,0 149,1,199,77,0 174,31,227,74,0 149,72,222,119,0 192,116,227,163,0
Images/10210.jpg 1,42,92,223,0 75,104,227,160,0 49,148,170,187,0 73,185,141,227,0 181,181,206,227,0
Images/10218.jpg 2,59,100,132,0 1,138,105,203,0 97,132,227,222,0
Images/10319.jpg 1,103,227,212,0
Images/10310.jpg 2,115,227,188,0
Images/10309.jpg 1,49,225,204,0
Images/10301.jpg 3,128,219,227,0
Images/10304.jpg 6,104,227,224,0
Images/10302.jpg 2,126,227,201,0
Images/10303.jpg 4,103,223,192,0
Images/10306.jpg 2,94,227,212,0
Images/10300.jpg 1,35,227,108,0
Images/10307.jpg 2,108,227,215,0
Images/10305.jpg 1,47,225,104,0
Images/10308.jpg 3,92,196,227,0
Images/10299.jpg 2,131,227,224,0
Images/10298.jpg 3,90,227,225,0
Images/10292.jpg 3,122,227,195,0 8,1,226,51,0
Images/10290.jpg 3,3,227,88,0 4,102,79,156,0 80,164,219,227,0
Images/10289.jpg 2,104,225,167,0 26,169,148,227,0
Images/10293.jpg 1,56,227,197,0
Images/10296.jpg 9,78,225,227,0
Images/10295.jpg 3,129,227,212,0
Images/10291.jpg 1,135,227,219,0
Images/10297.jpg 3,56,227,139,0
Images/10294.jpg 3,65,227,151,0
Images/10288.jpg 3,11,223,68,0 98,66,224,128,0
Images/10287.jpg 1,83,227,203,0
Images/10282.jpg 1,8,227,105,0 148,99,227,207,0
Images/10280.jpg 2,46,227,226,0
Images/10278.jpg 1,133,224,227,0
Images/10277.jpg 3,90,201,151,0 173,38,227,109,0
Images/10283.jpg 1,117,225,193,0 16,180,104,227,0
Images/10279.jpg 3,108,222,227,0
Images/10281.jpg 2,71,226,221,0
Images/10286.jpg 2,132,227,204,0 152,188,227,224,0
Images/10284.jpg 2,115,225,218,0
Images/10285.jpg 1,115,227,207,0
Images/10276.jpg 2,122,227,195,0
Images/10275.jpg 1,24,227,104,0
Images/10273.jpg 2,99,224,200,0
Images/10270.jpg 3,17,226,104,0
Images/10266.jpg 1,123,227,190,0 112,186,167,227,0 1,183,80,225,0
Images/10272.jpg 3,66,227,189,0
Images/10267.jpg 2,63,140,155,0 5,1,224,57,0
Images/10271.jpg 2,127,227,225,0
Images/10268.jpg 1,97,222,168,0 1,171,117,227,0
Images/10269.jpg 2,134,227,222,0
Images/10274.jpg 36,126,227,226,0
Images/10265.jpg 3,36,227,167,0
Images/10260.jpg 3,80,181,227,0
Images/10258.jpg 1,93,214,222,0
Images/10259.jpg 31,2,226,156,0
Images/10366.jpg 101,2,201,227,0
Images/10357.jpg 1,14,110,131,0 3,134,187,227,0
Images/10363.jpg 1,13,227,225,0
Images/10358.jpg 1,8,28,33,0 189,123,227,192,0 3,56,162,227,0
Images/10364.jpg 1,53,52,117,0 57,104,173,227,0
Images/10362.jpg 1,96,227,145,0 183,1,226,37,0
Images/10360.jpg 102,1,173,153,0 2,151,194,227,0
Images/10359.jpg 152,1,206,71,0 31,1,156,132,0 156,119,227,189,0 1,152,102,227,0
Images/10365.jpg 1,1,97,95,0 1,107,97,155,0 87,108,198,227,0
Images/10356.jpg 2,154,90,227,0 2,60,199,218,0
Images/10355.jpg 116,1,225,76,0 35,2,223,157,0
Images/10350.jpg 1,84,195,154,0 197,159,227,203,0
Images/10347.jpg 5,26,194,119,0 120,5,227,56,0 157,92,226,151,0
Images/10345.jpg 117,105,227,130,0 2,145,226,209,0
Images/10346.jpg 3,30,224,73,0 126,76,192,111,0 4,82,227,151,0
Images/10352.jpg 1,100,35,123,0 46,94,227,169,0
Images/10349.jpg 129,6,227,34,0 1,81,227,145,0 1,167,154,223,0
Images/10354.jpg 2,125,130,226,0 25,2,227,184,0
Images/10348.jpg 1,77,227,189,0 1,174,143,227,0
Images/10351.jpg 7,1,137,47,0 144,46,227,87,0 1,95,152,142,0
Images/10353.jpg 1,123,225,195,0
Images/10344.jpg 2,24,224,186,0
Images/10343.jpg 1,60,187,227,0
Images/10335.jpg 1,59,227,210,0
Images/10338.jpg 1,1,224,220,0
Images/10334.jpg 1,40,227,223,0
Images/10337.jpg 29,2,189,227,0
Images/10339.jpg 1,18,227,145,0
Images/10341.jpg 1,88,224,226,0
Images/10340.jpg 1,127,227,194,0
Images/10336.jpg 2,90,151,227,0
Images/10342.jpg 2,46,224,227,0
Images/10333.jpg 1,40,227,224,0
Images/10332.jpg 1,181,83,206,0 2,1,124,164,0 108,151,227,225,0
Images/10328.jpg 2,57,225,227,0
Images/10327.jpg 1,112,227,225,0
Images/10326.jpg 2,36,227,174,0
Images/10323.jpg 2,50,226,139,0
Images/10324.jpg 1,125,227,224,0
Images/10330.jpg 1,45,227,183,0
Images/10325.jpg 2,118,227,225,0
Images/10329.jpg 2,61,227,226,0
Images/10331.jpg 2,128,227,215,0
Images/10322.jpg 1,49,227,208,0
Images/10321.jpg 19,1,101,115,0 3,119,222,227,0
Images/10311.jpg 3,107,227,204,0
Images/10312.jpg 1,116,227,212,0
Images/10318.jpg 1,90,222,227,0
Images/10313.jpg 2,65,227,155,0
Images/10314.jpg 4,1,224,121,0
Images/10316.jpg 1,41,227,225,0
Images/10317.jpg 41,131,225,227,0
Images/10315.jpg 3,77,226,223,0
Images/10320.jpg 2,28,227,116,0
Images/10404.jpg 1,79,177,181,0 179,160,227,187,0 167,183,184,225,0
Images/10403.jpg 1,130,227,193,0
Images/10402.jpg 1,101,227,189,0
Images/10393.jpg 1,129,227,207,0
Images/10392.jpg 1,38,227,114,0
Images/10384.jpg 165,35,225,111,0 2,94,223,186,0
Images/10388.jpg 1,127,227,194,0
Images/10386.jpg 46,1,223,31,0 1,98,227,145,0
Images/10390.jpg 1,109,227,161,0
Images/10389.jpg 1,119,227,170,0
Images/10385.jpg 77,1,208,26,0 3,26,227,124,0 1,193,140,227,0
Images/10387.jpg 1,71,227,151,0 94,145,171,226,0
Images/10383.jpg 1,83,112,113,0 1,131,226,180,0
Images/10391.jpg 1,130,226,204,0
Images/10382.jpg 1,123,227,171,0 1,190,223,227,0
Images/10381.jpg 1,8,227,63,0 1,88,227,139,0
Images/10375.jpg 3,46,227,224,0
Images/10380.jpg 1,85,227,178,0 66,196,162,227,0
Images/10378.jpg 1,34,227,192,0 1,185,63,227,0
Images/10377.jpg 1,72,226,203,0 108,1,227,64,0
Images/10371.jpg 1,106,221,227,0
Images/10373.jpg 1,2,100,125,0 87,123,225,227,0
Images/10376.jpg 2,67,221,225,0
Images/10374.jpg 1,117,227,180,0
Images/10372.jpg 1,91,227,136,0
Images/10379.jpg 88,1,227,75,0 2,62,227,149,0
Images/10370.jpg 3,39,185,224,0
Images/10369.jpg 1,103,164,153,0 163,157,221,227,0
Images/10361.jpg 1,2,84,75,0 2,54,192,227,0
Images/10368.jpg 44,1,92,60,0 84,84,227,196,0
Images/10367.jpg 1,1,136,225,0
Images/10451.jpg 64,1,187,225,0
Images/10442.jpg 49,1,125,227,0
Images/10441.jpg 119,1,175,227,0
Images/10439.jpg 1,1,158,226,0
Images/10433.jpg 72,1,166,227,0
Images/10435.jpg 43,1,173,226,0
Images/10432.jpg 75,1,162,226,0
Images/10434.jpg 87,1,226,226,0
Images/10436.jpg 42,1,188,226,0
Images/10437.jpg 17,1,170,226,0
Images/10438.jpg 17,1,180,225,0
Images/10440.jpg 23,1,130,225,0
Images/10431.jpg 125,1,198,227,0
Images/10430.jpg 1,25,227,218,0
Images/10424.jpg 1,71,225,159,0
Images/10419.jpg 1,86,100,132,0 94,127,226,218,0
Images/10420.jpg 1,85,109,156,0 98,192,168,227,0
Images/10426.jpg 1,135,103,163,0 1,53,106,133,0 97,132,221,227,0
Images/10429.jpg 1,13,220,227,0
Images/10421.jpg 19,103,227,187,0
Images/10422.jpg 1,92,227,185,0
Images/10423.jpg 1,118,227,177,0 92,198,218,227,0
Images/10425.jpg 1,116,225,156,0 75,1,227,52,0
Images/10428.jpg 1,48,189,227,0
Images/10427.jpg 1,117,227,187,0
Images/10418.jpg 1,77,224,181,0
Images/10417.jpg 1,121,226,173,0
Images/10411.jpg 151,135,227,154,0 120,22,226,142,0 1,126,131,187,0
Images/10412.jpg 47,110,226,227,0
Images/10413.jpg 1,10,227,109,0 3,153,227,171,0
Images/10414.jpg 1,125,226,186,0
Images/10410.jpg 1,122,227,204,0
Images/10409.jpg 1,99,225,172,0
Images/10408.jpg 1,114,226,180,0
Images/10415.jpg 1,122,227,137,0 67,1,227,63,0
Images/10416.jpg 1,99,227,225,0
Images/10407.jpg 1,26,227,110,0
Images/10406.jpg 1,62,226,226,0
Images/10397.jpg 1,93,227,154,0
Images/10396.jpg 1,64,227,174,0
Images/10395.jpg 89,62,226,188,0 36,185,102,227,0
Images/10399.jpg 1,36,190,227,0
Images/10401.jpg 1,114,227,175,0
Images/10398.jpg 2,58,207,227,0
Images/10400.jpg 1,10,226,167,0 76,190,142,227,0
Images/10394.jpg 1,67,227,211,0
Images/10405.jpg 1,119,226,201,0
Images/10490.jpg 2,81,225,173,0
Images/10489.jpg 1,79,227,197,0 1,27,79,93,0
Images/10491.jpg 1,99,149,227,0
Images/10492.jpg 1,1,167,227,0
Images/10487.jpg 1,33,227,149,0
Images/10488.jpg 1,89,227,210,0
Images/10486.jpg 1,124,227,187,0
Images/10495.jpg 1,118,224,227,0
Images/10493.jpg 10,1,193,227,0
Images/10494.jpg 1,1,224,158,0
Images/10485.jpg 2,112,141,227,0
Images/10484.jpg 2,109,227,161,0
Images/10476.jpg 1,83,227,199,0
Images/10481.jpg 1,129,227,189,0
Images/10475.jpg 1,62,191,216,0
Images/10477.jpg 1,35,204,227,0
Images/10483.jpg 2,75,227,173,0
Images/10479.jpg 2,49,227,119,0 1,156,71,227,0
Images/10480.jpg 1,122,227,176,0
Images/10474.jpg 1,67,225,227,0
Images/10478.jpg 2,16,225,183,0
Images/10482.jpg 1,57,227,115,0
Images/10473.jpg 1,41,227,225,0
Images/10472.jpg 1,19,214,226,0
Images/10470.jpg 1,75,140,172,0 2,172,206,227,0
Images/10467.jpg 3,129,227,181,0
Images/10466.jpg 11,1,34,72,0 2,73,225,219,0
Images/10463.jpg 1,126,227,178,0
Images/10471.jpg 1,10,62,76,0 1,73,222,226,0
Images/10468.jpg 1,126,227,168,0 118,1,227,37,0
Images/10469.jpg 1,82,227,121,0 132,2,226,81,0
Images/10465.jpg 1,103,227,178,0
Images/10453.jpg 114,1,164,226,0
Images/10464.jpg 9,1,227,209,0
Images/10456.jpg 116,108,226,144,0 27,184,220,227,0
Images/10458.jpg 1,2,148,224,0
Images/10462.jpg 3,85,224,133,0
Images/10460.jpg 3,41,222,121,0
Images/10455.jpg 1,95,224,210,0
Images/10457.jpg 2,95,222,135,0 24,13,227,58,0
Images/10459.jpg 1,129,227,168,0 2,210,73,227,0
Images/10461.jpg 1,124,226,192,0
Images/10454.jpg 56,1,124,224,0
Images/10449.jpg 60,1,125,226,0
Images/10452.jpg 30,1,148,226,0
Images/10450.jpg 62,1,117,226,0
Images/10448.jpg 56,1,129,226,0
Images/10445.jpg 94,1,155,225,0
Images/10447.jpg 60,1,118,227,0
Images/10446.jpg 9,1,114,226,0
Images/10444.jpg 98,1,155,226,0
Images/10443.jpg 124,1,170,226,0
Images/10497.jpg 1,103,225,158,0
Images/10500.jpg 108,81,226,169,0 2,172,118,227,0
Images/10499.jpg 191,30,225,113,0 1,106,204,154,0
Images/10498.jpg 2,119,227,184,0
Images/10496.jpg 1,47,227,158,0
