images/crack/10041.JPG 1,60,114,98,0 110,85,226,124,0 161,15,224,59,0
images/crack/10039.JPG 2,73,88,121,0 3,116,91,150,0 84,115,223,152,0
images/crack/10038.JPG 4,82,227,190,0
images/crack/10042.JPG 176,1,208,82,0 1,126,227,164,0 57,173,227,211,0
images/crack/10040.JPG 7,130,58,168,0 56,119,225,156,0
images/crack/10045.JPG 3,125,140,150,0 1,146,143,186,0 136,136,227,174,0
images/crack/10043.JPG 3,68,40,114,0 40,106,121,151,0 115,146,226,212,0
images/crack/10046.JPG 4,100,131,147,0 138,69,227,131,0
images/crack/10037.JPG 67,116,223,200,0 1,166,83,220,0
images/crack/10036.JPG 3,124,188,158,0 190,100,226,148,0 3,150,208,199,0 16,206,97,227,0
images/crack/10028.JPG 110,82,225,148,0 22,142,121,227,0
images/crack/10027.JPG 172,34,225,119,0 88,92,183,175,0 30,173,99,227,0
images/crack/10033.JPG 87,95,227,148,0 1,146,105,200,0
images/crack/10029.JPG 145,45,226,128,0 1,114,143,200,0
images/crack/10030.JPG 115,97,226,154,0 1,135,122,225,0
images/crack/10031.JPG 1,55,226,98,0 2,110,39,132,0 61,107,227,124,0 55,139,219,173,0
images/crack/10034.JPG 162,19,226,95,0 104,94,166,167,0 1,158,107,205,0
images/crack/10032.JPG 138,73,227,124,0 1,121,150,185,0
images/crack/10035.JPG 193,27,226,97,0 106,82,196,160,0 38,149,109,227,0
images/crack/10026.JPG 1,121,104,171,0 9,163,78,227,0 94,1,224,142,0
images/crack/10025.JPG 3,25,174,75,0 154,1,226,87,0 74,73,165,151,0 1,144,83,202,0
images/crack/10018.JPG 2,78,226,158,0 90,155,227,226,0
images/crack/10022.JPG 75,23,227,61,0 1,16,83,76,0 60,58,129,175,0 122,160,223,199,0
images/crack/10019.JPG 1,18,50,84,0 44,73,120,142,0 105,136,202,227,0
images/crack/10016.JPG 1,29,86,73,0 2,87,157,155,0 140,145,223,227,0
images/crack/10021.JPG 2,71,41,113,0 33,104,152,178,0 141,131,227,162,0 134,158,196,227,0
images/crack/10020.JPG 1,9,38,77,0 33,68,102,145,0 99,127,223,224,0
images/crack/10015.JPG 3,74,167,143,0 2,146,220,227,0
images/crack/10024.JPG 2,131,226,172,0
images/crack/10017.JPG 3,44,78,105,0 56,101,143,163,0 132,160,220,227,0
images/crack/10023.JPG 1,105,227,152,0 2,166,32,227,0
images/crack/10014.JPG 4,91,220,190,0 4,201,191,227,0
images/crack/10013.JPG 25,1,226,80,0 19,83,226,157,0
images/crack/10010.JPG 2,25,68,104,0 49,102,223,201,0
images/crack/10008.JPG 2,27,180,226,0
images/crack/10005.JPG 4,3,225,77,0 1,93,224,151,0
images/crack/10004.JPG 2,97,146,156,0 3,150,174,226,0
images/crack/10003.JPG 166,2,226,55,0 70,109,227,162,0 2,174,171,227,0
images/crack/10007.JPG 6,6,79,110,0 65,96,204,225,0 1,184,100,222,0
images/crack/10006.JPG 1,1,83,52,0 1,164,159,212,0 1,53,181,223,0
images/crack/10012.JPG 5,63,223,176,0 1,192,102,226,0
images/crack/10009.JPG 3,7,71,107,0 74,100,154,190,0 139,182,218,227,0
images/crack/10011.JPG 94,2,227,56,0 60,91,226,172,0
images/crack/10002.JPG 2,114,223,159,0
images/crack/10001.JPG 1,33,225,210,0
images/crack/10069.JPG 173,6,225,85,0 131,72,227,123,0 20,126,148,227,0
images/crack/10066.JPG 3,138,130,169,0 119,78,227,145,0
images/crack/10064.JPG 104,124,227,186,0 1,130,107,209,0 1,206,164,226,0
images/crack/10062.JPG 2,83,71,123,0 76,19,227,123,0
images/crack/10065.JPG 2,121,227,156,0 7,149,112,175,0 80,172,173,197,0
images/crack/10060.JPG 1,85,119,132,0 118,130,227,170,0
images/crack/10067.JPG 1,151,98,191,0 79,111,227,154,0
images/crack/10061.JPG 83,1,227,37,0 5,122,225,179,0
images/crack/10063.JPG 1,26,66,47,0 132,61,225,116,0 124,137,227,158,0 68,112,143,163,0 1,157,83,205,0
images/crack/10068.JPG 4,134,136,176,0 129,33,224,134,0
images/crack/10059.JPG 3,142,85,176,0 82,81,227,161,0
images/crack/10058.JPG 1,97,84,130,0 82,124,227,175,0 91,1,195,92,0
images/crack/10055.JPG 2,137,98,171,0 100,128,227,163,0
images/crack/10049.JPG 1,61,126,132,0 1,110,143,171,0 140,159,225,212,0
images/crack/10052.JPG 1,112,220,165,0 2,156,227,209,0
images/crack/10050.JPG 1,94,122,156,0 122,131,225,191,0 173,184,226,223,0
images/crack/10054.JPG 1,75,52,112,0 49,108,139,148,0 139,144,221,182,0
images/crack/10051.JPG 1,85,58,143,0 57,121,225,165,0 55,150,227,223,0
images/crack/10053.JPG 2,60,161,101,0 3,89,227,132,0
images/crack/10056.JPG 1,86,92,133,0 92,117,227,161,0
images/crack/10057.JPG 125,103,227,138,0 67,130,133,173,0 1,167,67,211,0
images/crack/10048.JPG 62,121,227,186,0 4,179,94,225,0 90,171,227,222,0
images/crack/10047.JPG 1,150,102,192,0 97,108,227,163,0 199,79,227,121,0
images/crack/10044.JPG 1,70,115,130,0 110,125,225,171,0
images/crack/10115.JPG 2,109,226,178,0
images/crack/10114.JPG 2,128,225,205,0
images/crack/10107.JPG 4,84,178,192,0 124,190,225,227,0
images/crack/10106.JPG 1,85,226,150,0 176,1,225,59,0
images/crack/10110.JPG 3,93,117,149,0 113,147,226,214,0
images/crack/10112.JPG 3,121,225,217,0
images/crack/10113.JPG 2,53,224,136,0
images/crack/10109.JPG 4,3,156,60,0 7,61,225,164,0
images/crack/10111.JPG 3,92,225,194,0
images/crack/10108.JPG 1,79,55,136,0 4,127,127,227,0 113,119,220,171,0
images/crack/10105.JPG 2,127,227,179,0
images/crack/10104.JPG 1,39,227,92,0 11,88,115,186,0 110,178,169,227,0 169,207,226,227,0
images/crack/10100.JPG 3,69,225,129,0 83,1,227,24,0
images/crack/10094.JPG 6,100,132,146,0 3,53,138,94,0 126,34,227,102,0 112,1,226,81,0
images/crack/10093.JPG 3,116,227,148,0 46,144,224,190,0
images/crack/10097.JPG 3,119,225,177,0
images/crack/10098.JPG 2,87,223,126,0 159,1,227,28,0
images/crack/10096.JPG 105,97,227,152,0 1,141,118,221,0
images/crack/10099.JPG 1,83,61,102,0 64,102,159,145,0 156,141,227,170,0
images/crack/10101.JPG 1,105,90,139,0 91,121,183,227,0
images/crack/10103.JPG 1,103,133,151,0 1,1,145,59,0 148,53,227,101,0
images/crack/10095.JPG 123,59,227,141,0 56,137,132,194,0 1,179,60,213,0 71,159,149,214,0 36,202,87,227,0
images/crack/10102.JPG 1,54,33,72,0 3,120,132,169,0 132,71,226,138,0
images/crack/10092.JPG 1,118,227,184,0
images/crack/10088.JPG 2,90,227,190,0
images/crack/10083.JPG 1,57,180,102,0 174,29,227,89,0
images/crack/10086.JPG 1,22,21,61,0 19,70,147,154,0 140,133,227,198,0
images/crack/10087.JPG 43,16,59,126,0 3,129,227,191,0
images/crack/10084.JPG 1,151,100,192,0 92,68,227,164,0
images/crack/10089.JPG 2,102,227,178,0
images/crack/10085.JPG 171,1,187,77,0 133,75,227,134,0 2,126,141,226,0
images/crack/10090.JPG 2,72,223,164,0
images/crack/10091.JPG 3,118,221,187,0
images/crack/10082.JPG 2,110,227,157,0
images/crack/10081.JPG 1,86,91,118,0 90,116,227,180,0
images/crack/10072.JPG 3,99,104,149,0 99,116,223,226,0
images/crack/10077.JPG 3,143,110,209,0 107,76,227,137,0
images/crack/10074.JPG 179,34,226,101,0 118,90,196,145,0 1,134,125,201,0 137,173,166,208,0
images/crack/10071.JPG 1,110,227,160,0
images/crack/10078.JPG 7,1,105,140,0 98,147,225,226,0
images/crack/10073.JPG 1,37,92,119,0 94,106,227,209,0
images/crack/10075.JPG 113,94,227,144,0 29,143,121,227,0
images/crack/10076.JPG 116,110,227,167,0 1,137,121,194,0
images/crack/10080.JPG 1,98,119,147,0 116,146,227,198,0
images/crack/10070.JPG 66,44,164,84,0 32,85,61,145,0 51,127,227,178,0 1,154,51,191,0
images/crack/10079.JPG 83,128,227,177,0 1,154,88,204,0
images/crack/10168.JPG 1,101,227,222,0
images/crack/10164.JPG 1,88,219,223,0
images/crack/10167.JPG 1,83,225,216,0
images/crack/10162.JPG 1,138,152,211,0 144,79,224,127,0 151,128,227,166,0 166,111,196,149,0
images/crack/10163.JPG 1,129,224,222,0
images/crack/10169.JPG 1,50,222,160,0
images/crack/10165.JPG 3,88,220,223,0
images/crack/10170.JPG 1,130,227,224,0
images/crack/10166.JPG 3,1,219,138,0
images/crack/10161.JPG 3,109,221,186,0
images/crack/10160.JPG 1,68,226,181,0
images/crack/10153.JPG 6,116,221,166,0
images/crack/10155.JPG 1,109,227,164,0
images/crack/10154.JPG 1,38,61,106,0 54,86,185,225,0
images/crack/10151.JPG 3,86,224,153,0
images/crack/10150.JPG 2,132,227,177,0
images/crack/10157.JPG 2,36,93,131,0 85,129,205,223,0
images/crack/10156.JPG 6,140,122,179,0 149,66,205,137,0
images/crack/10159.JPG 3,98,225,182,0
images/crack/10152.JPG 44,123,159,155,0 3,150,227,209,0
images/crack/10158.JPG 2,68,108,140,0 112,120,227,201,0
images/crack/10149.JPG 1,90,70,110,0 19,120,225,169,0 5,10,227,41,0
images/crack/10148.JPG 3,106,227,156,0 7,183,134,227,0
images/crack/10145.JPG 1,108,216,227,0
images/crack/10143.JPG 2,84,225,179,0
images/crack/10146.JPG 44,103,221,226,0
images/crack/10144.JPG 114,24,225,166,0 1,150,122,220,0
images/crack/10139.JPG 3,48,225,192,0
images/crack/10141.JPG 1,113,225,195,0
images/crack/10140.JPG 2,96,226,164,0
images/crack/10142.JPG 2,56,226,122,0
images/crack/10147.JPG 3,98,216,183,0 67,14,226,67,0
images/crack/10138.JPG 3,63,109,107,0 91,111,221,223,0
images/crack/10137.JPG 15,123,227,225,0
images/crack/10127.JPG 3,127,227,166,0 2,203,60,227,0
images/crack/10131.JPG 4,70,153,160,0 189,161,225,200,0
images/crack/10128.JPG 3,128,227,182,0
images/crack/10129.JPG 3,122,224,213,0
images/crack/10132.JPG 1,98,227,169,0
images/crack/10134.JPG 2,95,225,164,0 103,169,212,225,0
images/crack/10133.JPG 68,118,227,210,0
images/crack/10130.JPG 3,105,225,209,0
images/crack/10136.JPG 4,78,135,167,0 1,163,138,202,0 122,61,227,173,0
images/crack/10135.JPG 2,135,227,222,0
images/crack/10126.JPG 14,81,129,123,0 149,159,227,185,0 3,18,223,77,0
images/crack/10117.JPG 1,130,227,204,0
images/crack/10118.JPG 3,81,107,148,0 99,144,227,203,0
images/crack/10121.JPG 3,78,227,210,0
images/crack/10120.JPG 4,149,112,175,0 112,126,227,206,0
images/crack/10123.JPG 1,116,169,174,0 168,180,223,226,0
images/crack/10125.JPG 1,55,217,145,0 124,140,227,191,0
images/crack/10122.JPG 3,79,81,133,0 81,120,227,192,0
images/crack/10116.JPG 2,47,225,102,0
images/crack/10119.JPG 2,66,227,120,0
images/crack/10124.JPG 2,48,77,98,0 77,101,227,224,0
images/crack/10215.JPG 2,127,225,190,0
images/crack/10217.JPG 2,48,188,127,0 127,2,227,84,0 105,111,200,227,0
images/crack/10216.JPG 4,123,227,168,0
images/crack/10207.JPG 79,124,222,175,0 4,164,96,227,0
images/crack/10206.JPG 4,187,55,212,0 56,51,223,222,0
images/crack/10201.JPG 3,40,226,87,0 130,105,223,137,0 44,125,146,171,0
images/crack/10202.JPG 8,60,222,154,0 32,1,226,43,0 5,166,179,211,0
images/crack/10196.JPG 5,117,227,219,0
images/crack/10203.JPG 5,122,173,154,0 182,109,223,209,0 101,176,204,227,0
images/crack/10200.JPG 75,128,226,220,0 1,166,77,215,0
images/crack/10198.JPG 120,1,216,126,0 71,103,223,227,0
images/crack/10197.JPG 3,97,225,213,0
images/crack/10199.JPG 56,100,157,218,0 127,125,227,224,0 172,57,227,137,0
images/crack/10205.JPG 2,42,92,62,0 95,2,165,92,0 1,96,106,160,0
images/crack/10204.JPG 2,148,40,188,0 46,62,225,225,0
images/crack/10195.JPG 2,11,223,147,0
images/crack/10194.JPG 2,75,226,223,0
images/crack/10186.JPG 1,67,227,152,0 1,192,112,227,0
images/crack/10189.JPG 1,118,222,196,0
images/crack/10190.JPG 2,85,224,194,0
images/crack/10192.JPG 2,80,222,224,0
images/crack/10191.JPG 3,129,227,223,0
images/crack/10187.JPG 2,127,223,223,0
images/crack/10185.JPG 1,86,213,146,0 10,1,225,35,0
images/crack/10188.JPG 4,107,222,188,0
images/crack/10193.JPG 4,78,223,227,0
images/crack/10184.JPG 3,124,227,206,0
images/crack/10183.JPG 5,13,227,89,0 4,93,66,134,0 123,142,227,185,0 60,105,122,146,0
images/crack/10173.JPG 1,35,225,123,0 133,112,225,145,0 137,123,227,183,0
images/crack/10179.JPG 1,117,157,192,0 151,160,227,224,0
images/crack/10175.JPG 2,47,226,87,0 4,100,165,186,0 39,82,166,136,0 155,129,227,154,0
images/crack/10177.JPG 3,7,227,105,0 2,140,185,182,0 154,158,227,225,0 1,194,66,226,0
images/crack/10176.JPG 1,124,225,204,0
images/crack/10178.JPG 2,14,141,53,0 140,1,227,64,0 1,67,148,145,0
images/crack/10180.JPG 3,1,129,84,0 129,26,227,90,0 50,88,134,141,0 1,109,66,196,0
images/crack/10174.JPG 2,24,225,82,0 1,160,225,225,0
images/crack/10182.JPG 3,121,227,212,0 9,186,111,227,0
images/crack/10181.JPG 1,106,226,206,0
images/crack/10172.JPG 3,106,227,169,0
images/crack/10171.JPG 4,19,227,68,0 3,86,226,211,0
images/crack/10262.JPG 8,1,159,224,0
images/crack/10263.JPG 1,1,192,225,0
images/crack/10257.JPG 3,92,221,159,0 143,148,227,211,0 14,153,44,227,0
images/crack/10261.JPG 2,6,126,225,0
images/crack/10256.JPG 1,90,127,137,0
images/crack/10264.JPG 1,1,227,207,0
images/crack/10255.JPG 3,5,227,48,0 3,26,161,211,0 155,165,227,213,0
images/crack/10254.JPG 2,116,119,221,0 78,121,227,159,0
images/crack/10249.JPG 1,58,220,194,0
images/crack/10251.JPG 2,67,185,224,0
images/crack/10245.JPG 2,30,226,184,0
images/crack/10246.JPG 2,101,222,222,0
images/crack/10247.JPG 4,69,224,226,0
images/crack/10248.JPG 1,24,226,225,0
images/crack/10250.JPG 3,113,223,227,0
images/crack/10244.JPG 3,107,220,225,0
images/crack/10253.JPG 2,51,227,215,0
images/crack/10252.JPG 2,2,226,221,0
images/crack/10243.JPG 1,68,223,227,0
images/crack/10242.JPG 41,1,225,136,0
images/crack/10239.JPG 2,65,224,224,0
images/crack/10238.JPG 1,39,104,148,0 101,128,222,227,0
images/crack/10233.JPG 3,95,68,134,0 71,101,224,211,0 1,10,72,97,0 63,1,225,56,0
images/crack/10235.JPG 4,86,227,187,0 150,105,225,151,0 117,1,221,101,0
images/crack/10234.JPG 2,72,227,199,0
images/crack/10237.JPG 4,3,70,107,0 5,114,205,227,0
images/crack/10236.JPG 1,62,138,227,0
images/crack/10232.JPG 111,104,225,170,0 1,90,120,223,0 3,189,43,224,0
images/crack/10241.JPG 1,53,223,227,0
images/crack/10231.JPG 1,4,50,47,0 52,1,223,146,0 45,63,188,161,0 187,135,227,171,0
images/crack/10240.JPG 3,48,223,227,0 192,56,227,82,0
images/crack/10230.JPG 2,113,98,159,0 63,151,122,227,0 99,106,225,227,0
images/crack/10221.JPG 1,95,227,158,0
images/crack/10222.JPG 1,131,227,219,0
images/crack/10223.JPG 1,98,225,182,0
images/crack/10227.JPG 1,145,102,213,0 101,24,227,211,0
images/crack/10224.JPG 1,107,227,177,0
images/crack/10225.JPG 1,78,227,167,0
images/crack/10228.JPG 108,52,226,139,0 76,136,223,225,0
images/crack/10229.JPG 86,121,227,164,0 8,163,90,227,0 99,182,227,226,0
images/crack/10226.JPG 1,66,145,148,0 142,142,227,188,0
images/crack/10220.JPG 1,72,226,214,0
images/crack/10219.JPG 1,42,68,107,0 75,113,225,197,0
images/crack/10212.JPG 1,122,227,160,0
images/crack/10213.JPG 3,64,225,213,0
images/crack/10211.JPG 3,124,227,184,0
images/crack/10214.JPG 8,100,227,168,0
images/crack/10208.JPG 2,90,227,177,0
images/crack/10209.JPG 2,81,154,193,0 149,1,199,77,0 174,31,227,74,0 149,72,222,119,0 192,116,227,163,0
images/crack/10210.JPG 1,42,92,223,0 75,104,227,160,0 49,148,170,187,0 73,185,141,227,0 181,181,206,227,0
images/crack/10218.JPG 2,59,100,132,0 1,138,105,203,0 97,132,227,222,0
images/crack/10319.JPG 1,103,227,212,0
images/crack/10310.JPG 2,115,227,188,0
images/crack/10309.JPG 1,49,225,204,0
images/crack/10301.JPG 3,128,219,227,0
images/crack/10304.JPG 6,104,227,224,0
images/crack/10302.JPG 2,126,227,201,0
images/crack/10303.JPG 4,103,223,192,0
images/crack/10306.JPG 2,94,227,212,0
images/crack/10300.JPG 1,35,227,108,0
images/crack/10307.JPG 2,108,227,215,0
images/crack/10305.JPG 1,47,225,104,0
images/crack/10308.JPG 3,92,196,227,0
images/crack/10299.JPG 2,131,227,224,0
images/crack/10298.JPG 3,90,227,225,0
images/crack/10292.JPG 3,122,227,195,0 8,1,226,51,0
images/crack/10290.JPG 3,3,227,88,0 4,102,79,156,0 80,164,219,227,0
images/crack/10289.JPG 2,104,225,167,0 26,169,148,227,0
images/crack/10293.JPG 1,56,227,197,0
images/crack/10296.JPG 9,78,225,227,0
images/crack/10295.JPG 3,129,227,212,0
images/crack/10291.JPG 1,135,227,219,0
images/crack/10297.JPG 3,56,227,139,0
images/crack/10294.JPG 3,65,227,151,0
images/crack/10288.JPG 3,11,223,68,0 98,66,224,128,0
images/crack/10287.JPG 1,83,227,203,0
images/crack/10282.JPG 1,8,227,105,0 148,99,227,207,0
images/crack/10280.JPG 2,46,227,226,0
images/crack/10278.JPG 1,133,224,227,0
images/crack/10277.JPG 3,90,201,151,0 173,38,227,109,0
images/crack/10283.JPG 1,117,225,193,0 16,180,104,227,0
images/crack/10279.JPG 3,108,222,227,0
images/crack/10281.JPG 2,71,226,221,0
images/crack/10286.JPG 2,132,227,204,0 152,188,227,224,0
images/crack/10284.JPG 2,115,225,218,0
images/crack/10285.JPG 1,115,227,207,0
images/crack/10276.JPG 2,122,227,195,0
images/crack/10275.JPG 1,24,227,104,0
images/crack/10273.JPG 2,99,224,200,0
images/crack/10270.JPG 3,17,226,104,0
images/crack/10266.JPG 1,123,227,190,0 112,186,167,227,0 1,183,80,225,0
images/crack/10272.JPG 3,66,227,189,0
images/crack/10267.JPG 2,63,140,155,0 5,1,224,57,0
images/crack/10271.JPG 2,127,227,225,0
images/crack/10268.JPG 1,97,222,168,0 1,171,117,227,0
images/crack/10269.JPG 2,134,227,222,0
images/crack/10274.JPG 36,126,227,226,0
images/crack/10265.JPG 3,36,227,167,0
images/crack/10260.JPG 3,80,181,227,0
images/crack/10258.JPG 1,93,214,222,0
images/crack/10259.JPG 31,2,226,156,0
images/crack/10366.JPG 101,2,201,227,0
images/crack/10357.JPG 1,14,110,131,0 3,134,187,227,0
images/crack/10363.JPG 1,13,227,225,0
images/crack/10358.JPG 1,8,28,33,0 189,123,227,192,0 3,56,162,227,0
images/crack/10364.JPG 1,53,52,117,0 57,104,173,227,0
images/crack/10362.JPG 1,96,227,145,0 183,1,226,37,0
images/crack/10360.JPG 102,1,173,153,0 2,151,194,227,0
images/crack/10359.JPG 152,1,206,71,0 31,1,156,132,0 156,119,227,189,0 1,152,102,227,0
images/crack/10365.JPG 1,1,97,95,0 1,107,97,155,0 87,108,198,227,0
images/crack/10356.JPG 2,154,90,227,0 2,60,199,218,0
images/crack/10355.JPG 116,1,225,76,0 35,2,223,157,0
images/crack/10350.JPG 1,84,195,154,0 197,159,227,203,0
images/crack/10347.JPG 5,26,194,119,0 120,5,227,56,0 157,92,226,151,0
images/crack/10345.JPG 117,105,227,130,0 2,145,226,209,0
images/crack/10346.JPG 3,30,224,73,0 126,76,192,111,0 4,82,227,151,0
images/crack/10352.JPG 1,100,35,123,0 46,94,227,169,0
images/crack/10349.JPG 129,6,227,34,0 1,81,227,145,0 1,167,154,223,0
images/crack/10354.JPG 2,125,130,226,0 25,2,227,184,0
images/crack/10348.JPG 1,77,227,189,0 1,174,143,227,0
images/crack/10351.JPG 7,1,137,47,0 144,46,227,87,0 1,95,152,142,0
images/crack/10353.JPG 1,123,225,195,0
images/crack/10344.JPG 2,24,224,186,0
images/crack/10343.JPG 1,60,187,227,0
images/crack/10335.JPG 1,59,227,210,0
images/crack/10338.JPG 1,1,224,220,0
images/crack/10334.JPG 1,40,227,223,0
images/crack/10337.JPG 29,2,189,227,0
images/crack/10339.JPG 1,18,227,145,0
images/crack/10341.JPG 1,88,224,226,0
images/crack/10340.JPG 1,127,227,194,0
images/crack/10336.JPG 2,90,151,227,0
images/crack/10342.JPG 2,46,224,227,0
images/crack/10333.JPG 1,40,227,224,0
images/crack/10332.JPG 1,181,83,206,0 2,1,124,164,0 108,151,227,225,0
images/crack/10328.JPG 2,57,225,227,0
images/crack/10327.JPG 1,112,227,225,0
images/crack/10326.JPG 2,36,227,174,0
images/crack/10323.JPG 2,50,226,139,0
images/crack/10324.JPG 1,125,227,224,0
images/crack/10330.JPG 1,45,227,183,0
images/crack/10325.JPG 2,118,227,225,0
images/crack/10329.JPG 2,61,227,226,0
images/crack/10331.JPG 2,128,227,215,0
images/crack/10322.JPG 1,49,227,208,0
images/crack/10321.JPG 19,1,101,115,0 3,119,222,227,0
images/crack/10311.JPG 3,107,227,204,0
images/crack/10312.JPG 1,116,227,212,0
images/crack/10318.JPG 1,90,222,227,0
images/crack/10313.JPG 2,65,227,155,0
images/crack/10314.JPG 4,1,224,121,0
images/crack/10316.JPG 1,41,227,225,0
images/crack/10317.JPG 41,131,225,227,0
images/crack/10315.JPG 3,77,226,223,0
images/crack/10320.JPG 2,28,227,116,0
images/crack/10404.JPG 1,79,177,181,0 179,160,227,187,0 167,183,184,225,0
images/crack/10403.JPG 1,130,227,193,0
images/crack/10402.JPG 1,101,227,189,0
images/crack/10393.JPG 1,129,227,207,0
images/crack/10392.JPG 1,38,227,114,0
images/crack/10384.JPG 165,35,225,111,0 2,94,223,186,0
images/crack/10388.JPG 1,127,227,194,0
images/crack/10386.JPG 46,1,223,31,0 1,98,227,145,0
images/crack/10390.JPG 1,109,227,161,0
images/crack/10389.JPG 1,119,227,170,0
images/crack/10385.JPG 77,1,208,26,0 3,26,227,124,0 1,193,140,227,0
images/crack/10387.JPG 1,71,227,151,0 94,145,171,226,0
images/crack/10383.JPG 1,83,112,113,0 1,131,226,180,0
images/crack/10391.JPG 1,130,226,204,0
images/crack/10382.JPG 1,123,227,171,0 1,190,223,227,0
images/crack/10381.JPG 1,8,227,63,0 1,88,227,139,0
images/crack/10375.JPG 3,46,227,224,0
images/crack/10380.JPG 1,85,227,178,0 66,196,162,227,0
images/crack/10378.JPG 1,34,227,192,0 1,185,63,227,0
images/crack/10377.JPG 1,72,226,203,0 108,1,227,64,0
images/crack/10371.JPG 1,106,221,227,0
images/crack/10373.JPG 1,2,100,125,0 87,123,225,227,0
images/crack/10376.JPG 2,67,221,225,0
images/crack/10374.JPG 1,117,227,180,0
images/crack/10372.JPG 1,91,227,136,0
images/crack/10379.JPG 88,1,227,75,0 2,62,227,149,0
images/crack/10370.JPG 3,39,185,224,0
images/crack/10369.JPG 1,103,164,153,0 163,157,221,227,0
images/crack/10361.JPG 1,2,84,75,0 2,54,192,227,0
images/crack/10368.JPG 44,1,92,60,0 84,84,227,196,0
images/crack/10367.JPG 1,1,136,225,0
images/crack/10451.JPG 64,1,187,225,0
images/crack/10442.JPG 49,1,125,227,0
images/crack/10441.JPG 119,1,175,227,0
images/crack/10439.JPG 1,1,158,226,0
images/crack/10433.JPG 72,1,166,227,0
images/crack/10435.JPG 43,1,173,226,0
images/crack/10432.JPG 75,1,162,226,0
images/crack/10434.JPG 87,1,226,226,0
images/crack/10436.JPG 42,1,188,226,0
images/crack/10437.JPG 17,1,170,226,0
images/crack/10438.JPG 17,1,180,225,0
images/crack/10440.JPG 23,1,130,225,0
images/crack/10431.JPG 125,1,198,227,0
images/crack/10430.JPG 1,25,227,218,0
images/crack/10424.JPG 1,71,225,159,0
images/crack/10419.JPG 1,86,100,132,0 94,127,226,218,0
images/crack/10420.JPG 1,85,109,156,0 98,192,168,227,0
images/crack/10426.JPG 1,135,103,163,0 1,53,106,133,0 97,132,221,227,0
images/crack/10429.JPG 1,13,220,227,0
images/crack/10421.JPG 19,103,227,187,0
images/crack/10422.JPG 1,92,227,185,0
images/crack/10423.JPG 1,118,227,177,0 92,198,218,227,0
images/crack/10425.JPG 1,116,225,156,0 75,1,227,52,0
images/crack/10428.JPG 1,48,189,227,0
images/crack/10427.JPG 1,117,227,187,0
images/crack/10418.JPG 1,77,224,181,0
images/crack/10417.JPG 1,121,226,173,0
images/crack/10411.JPG 151,135,227,154,0 120,22,226,142,0 1,126,131,187,0
images/crack/10412.JPG 47,110,226,227,0
images/crack/10413.JPG 1,10,227,109,0 3,153,227,171,0
images/crack/10414.JPG 1,125,226,186,0
images/crack/10410.JPG 1,122,227,204,0
images/crack/10409.JPG 1,99,225,172,0
images/crack/10408.JPG 1,114,226,180,0
images/crack/10415.JPG 1,122,227,137,0 67,1,227,63,0
images/crack/10416.JPG 1,99,227,225,0
images/crack/10407.JPG 1,26,227,110,0
images/crack/10406.JPG 1,62,226,226,0
images/crack/10397.JPG 1,93,227,154,0
images/crack/10396.JPG 1,64,227,174,0
images/crack/10395.JPG 89,62,226,188,0 36,185,102,227,0
images/crack/10399.JPG 1,36,190,227,0
images/crack/10401.JPG 1,114,227,175,0
images/crack/10398.JPG 2,58,207,227,0
images/crack/10400.JPG 1,10,226,167,0 76,190,142,227,0
images/crack/10394.JPG 1,67,227,211,0
images/crack/10405.JPG 1,119,226,201,0
images/crack/10490.JPG 2,81,225,173,0
images/crack/10489.JPG 1,79,227,197,0 1,27,79,93,0
images/crack/10491.JPG 1,99,149,227,0
images/crack/10492.JPG 1,1,167,227,0
images/crack/10487.JPG 1,33,227,149,0
images/crack/10488.JPG 1,89,227,210,0
images/crack/10486.JPG 1,124,227,187,0
images/crack/10495.JPG 1,118,224,227,0
images/crack/10493.JPG 10,1,193,227,0
images/crack/10494.JPG 1,1,224,158,0
images/crack/10485.JPG 2,112,141,227,0
images/crack/10484.JPG 2,109,227,161,0
images/crack/10476.JPG 1,83,227,199,0
images/crack/10481.JPG 1,129,227,189,0
images/crack/10475.JPG 1,62,191,216,0
images/crack/10477.JPG 1,35,204,227,0
images/crack/10483.JPG 2,75,227,173,0
images/crack/10479.JPG 2,49,227,119,0 1,156,71,227,0
images/crack/10480.JPG 1,122,227,176,0
images/crack/10474.JPG 1,67,225,227,0
images/crack/10478.JPG 2,16,225,183,0
images/crack/10482.JPG 1,57,227,115,0
images/crack/10473.JPG 1,41,227,225,0
images/crack/10472.JPG 1,19,214,226,0
images/crack/10470.JPG 1,75,140,172,0 2,172,206,227,0
images/crack/10467.JPG 3,129,227,181,0
images/crack/10466.JPG 11,1,34,72,0 2,73,225,219,0
images/crack/10463.JPG 1,126,227,178,0
images/crack/10471.JPG 1,10,62,76,0 1,73,222,226,0
images/crack/10468.JPG 1,126,227,168,0 118,1,227,37,0
images/crack/10469.JPG 1,82,227,121,0 132,2,226,81,0
images/crack/10465.JPG 1,103,227,178,0
images/crack/10453.JPG 114,1,164,226,0
images/crack/10464.JPG 9,1,227,209,0
images/crack/10456.JPG 116,108,226,144,0 27,184,220,227,0
images/crack/10458.JPG 1,2,148,224,0
images/crack/10462.JPG 3,85,224,133,0
images/crack/10460.JPG 3,41,222,121,0
images/crack/10455.JPG 1,95,224,210,0
images/crack/10457.JPG 2,95,222,135,0 24,13,227,58,0
images/crack/10459.JPG 1,129,227,168,0 2,210,73,227,0
images/crack/10461.JPG 1,124,226,192,0
images/crack/10454.JPG 56,1,124,224,0
images/crack/10449.JPG 60,1,125,226,0
images/crack/10452.JPG 30,1,148,226,0
images/crack/10450.JPG 62,1,117,226,0
images/crack/10448.JPG 56,1,129,226,0
images/crack/10445.JPG 94,1,155,225,0
images/crack/10447.JPG 60,1,118,227,0
images/crack/10446.JPG 9,1,114,226,0
images/crack/10444.JPG 98,1,155,226,0
images/crack/10443.JPG 124,1,170,226,0
images/crack/10497.JPG 1,103,225,158,0
images/crack/10500.JPG 108,81,226,169,0 2,172,118,227,0
images/crack/10499.JPG 191,30,225,113,0 1,106,204,154,0
images/crack/10498.JPG 2,119,227,184,0
images/crack/10496.JPG 1,47,227,158,0
